date,price,volume
2021-08-12 01:00:00,4.704,9
2021-08-13 01:00:00,5.12,1161
2021-08-14 01:00:00,5.208,709
2021-08-15 01:00:00,5.257,461
2021-08-16 01:00:00,5.383,353
2021-08-17 01:00:00,5.363,289
2021-08-18 01:00:00,5.642,291
2021-08-19 01:00:00,6.204,226
2021-08-20 01:00:00,6.39,248
2021-08-21 01:00:00,6.694,215
2021-08-22 01:00:00,6.406,157
2021-08-23 01:00:00,7.012,138
2021-08-24 01:00:00,7.575,129
2021-08-25 01:00:00,8.277,125
2021-08-26 01:00:00,7.975,139
2021-08-27 01:00:00,8.381,164
2021-08-28 01:00:00,8.526,156
2021-08-29 01:00:00,8.38,132
2021-08-30 01:00:00,8.596,114
2021-08-31 01:00:00,8.683,114
2021-09-01 01:00:00,8.807,98
2021-09-02 01:00:00,8.965,98
2021-09-03 01:00:00,9.117,107
2021-09-04 01:00:00,9.447,116
2021-09-05 01:00:00,9.62,95
2021-09-06 01:00:00,9.451,84
2021-09-07 01:00:00,9.641,83
2021-09-08 01:00:00,9.74,80
2021-09-09 01:00:00,9.655,104
2021-09-10 01:00:00,9.397,142
2021-09-11 01:00:00,9.511,80
2021-09-12 01:00:00,9.466,87
2021-09-13 01:00:00,9.593,77
2021-09-14 01:00:00,9.197,95
2021-09-15 01:00:00,9.048,76
2021-09-16 01:00:00,8.966,74
2021-09-17 01:00:00,9.271,64
2021-09-18 01:00:00,9.211,55
2021-09-19 01:00:00,9.146,62
2021-09-20 01:00:00,8.764,59
2021-09-21 01:00:00,8.781,50
2021-09-22 01:00:00,6.449,145
2021-09-23 01:00:00,6.274,65
2021-09-24 01:00:00,7.375,51
2021-09-25 01:00:00,6.961,60
2021-09-26 01:00:00,7.364,40
2021-09-27 01:00:00,7.83,35
2021-09-28 01:00:00,8.095,42
2021-09-29 01:00:00,7.815,51
2021-09-30 01:00:00,7.891,48
2021-10-01 01:00:00,8.003,46
2021-10-02 01:00:00,8.462,53
2021-10-03 01:00:00,8.464,36
2021-10-04 01:00:00,8.861,33
2021-10-05 01:00:00,8.891,39
2021-10-06 01:00:00,9.317,36
2021-10-07 01:00:00,8.666,32
2021-10-08 01:00:00,8.305,96
2021-10-09 01:00:00,8.314,71
2021-10-10 01:00:00,8.099,50
2021-10-11 01:00:00,7.676,42
2021-10-12 01:00:00,7.848,29
2021-10-13 01:00:00,7.753,27
2021-10-14 01:00:00,7.937,41
2021-10-15 01:00:00,7.634,37
2021-10-16 01:00:00,7.461,39
2021-10-17 01:00:00,7.487,29
2021-10-18 01:00:00,7.386,37
2021-10-19 01:00:00,7.539,24
2021-10-20 01:00:00,7.658,27
2021-10-21 01:00:00,7.313,25
2021-10-22 01:00:00,6.739,66
2021-10-23 01:00:00,6.734,38
2021-10-24 01:00:00,7.016,40
2021-10-25 01:00:00,6.621,36
2021-10-26 01:00:00,6.704,24
2021-10-27 01:00:00,6.904,30
2021-10-28 01:00:00,6.781,29
2021-10-29 01:00:00,6.733,35
2021-10-30 01:00:00,6.796,32
2021-10-31 01:00:00,6.772,28
2021-11-01 01:00:00,7.372,33
2021-11-02 01:00:00,7.408,28
2021-11-03 01:00:00,7.604,25
2021-11-04 01:00:00,7.491,32
2021-11-05 01:00:00,7.973,21
2021-11-06 01:00:00,7.843,24
2021-11-07 01:00:00,7.725,33
2021-11-08 01:00:00,7.353,26
2021-11-09 01:00:00,7.36,31
2021-11-10 01:00:00,6.813,66
2021-11-11 01:00:00,6.884,34
2021-11-12 01:00:00,6.713,33
2021-11-13 01:00:00,6.937,38
2021-11-14 01:00:00,7.167,30
2021-11-15 01:00:00,7.615,22
2021-11-16 01:00:00,7.552,19
2021-11-17 01:00:00,7.996,25
2021-11-18 01:00:00,7.676,24
2021-11-19 01:00:00,7.225,30
2021-11-20 01:00:00,7.228,29
2021-11-21 01:00:00,7.788,19
2021-11-22 01:00:00,7.603,13
2021-11-23 01:00:00,7.395,20
2021-11-24 01:00:00,7.392,19
2021-11-25 01:00:00,6.61,30
2021-11-26 01:00:00,6.55,24
2021-11-27 01:00:00,6.735,26
2021-11-28 01:00:00,7.154,27
2021-11-29 01:00:00,6.869,20
2021-11-30 01:00:00,6.616,43
2021-12-01 01:00:00,6.713,32
2021-12-02 01:00:00,7.289,19
2021-12-03 01:00:00,7.364,18
2021-12-04 01:00:00,7.587,21
2021-12-05 01:00:00,7.395,17
2021-12-06 01:00:00,7.74,22
2021-12-07 01:00:00,7.77,22
2021-12-08 01:00:00,7.412,23
2021-12-09 01:00:00,7.64,21
2021-12-10 01:00:00,8.067,16
2021-12-11 01:00:00,8.01,28
2021-12-12 01:00:00,7.86,29
2021-12-13 01:00:00,7.61,22
2021-12-14 01:00:00,7.287,27
2021-12-15 01:00:00,7.235,36
2021-12-16 01:00:00,7.313,11
2021-12-17 01:00:00,7.189,25
2021-12-18 01:00:00,6.819,27
2021-12-19 01:00:00,7.073,28
2021-12-20 01:00:00,7.294,14
2021-12-21 01:00:00,7.334,24
2021-12-22 01:00:00,7.079,19
2021-12-23 01:00:00,6.741,21
2021-12-24 01:00:00,6.888,25
2021-12-25 01:00:00,6.73,34
2021-12-26 01:00:00,7.085,24
2021-12-27 01:00:00,7.229,21
2021-12-28 01:00:00,7.129,31
2021-12-29 01:00:00,7.541,22
2021-12-30 01:00:00,6.778,34
2021-12-31 01:00:00,7.122,19
2022-01-01 01:00:00,7.394,36
2022-01-02 01:00:00,7.894,23
2022-01-03 01:00:00,8.102,29
2022-01-04 01:00:00,7.842,28
2022-01-05 01:00:00,7.79,27
2022-01-06 01:00:00,7.894,22
2022-01-07 01:00:00,7.816,30
2022-01-08 01:00:00,7.998,24
2022-01-09 01:00:00,7.953,23
2022-01-10 01:00:00,8.265,19
2022-01-11 01:00:00,7.671,19
2022-01-12 01:00:00,7.618,17
2022-01-13 01:00:00,7.866,17
2022-01-14 01:00:00,7.851,22
2022-01-15 01:00:00,7.764,25
2022-01-16 01:00:00,7.85,26
2022-01-17 01:00:00,8.127,21
2022-01-18 01:00:00,7.78,23
2022-01-19 01:00:00,7.635,22
2022-01-20 01:00:00,7.599,18
2022-01-21 01:00:00,7.428,31
2022-01-22 01:00:00,7.73,29
2022-01-23 01:00:00,7.741,24
2022-01-24 01:00:00,7.998,15
2022-01-25 01:00:00,7.914,19
2022-01-26 01:00:00,8.063,31
2022-01-27 01:00:00,7.951,9
2022-01-28 01:00:00,7.667,34
2022-01-29 01:00:00,8.056,34
2022-01-30 01:00:00,7.793,26
2022-01-31 01:00:00,7.803,27
2022-02-01 01:00:00,7.74,34
2022-02-02 01:00:00,7.948,25
2022-02-03 01:00:00,7.884,31
2022-02-04 01:00:00,7.828,22
2022-02-05 01:00:00,8.191,30
2022-02-06 01:00:00,7.962,30
2022-02-07 01:00:00,7.809,18
2022-02-08 01:00:00,7.913,34
2022-02-09 01:00:00,8.163,29
2022-02-10 01:00:00,8.032,30
2022-02-11 01:00:00,8.393,25
2022-02-12 01:00:00,8.09,32
2022-02-13 01:00:00,8.452,24
2022-02-14 01:00:00,8.421,20
2022-02-15 01:00:00,8.706,23
2022-02-16 01:00:00,8.48,19
2022-02-17 01:00:00,8.408,23
2022-02-18 01:00:00,9.591,33
2022-02-19 01:00:00,9.356,22
2022-02-20 01:00:00,8.831,27
2022-02-21 01:00:00,9.499,20
2022-02-22 01:00:00,9.283,30
2022-02-23 01:00:00,9.387,21
2022-02-24 01:00:00,8.981,28
2022-02-25 01:00:00,8.971,24
2022-02-26 01:00:00,9.129,30
2022-02-27 01:00:00,9.175,30
2022-02-28 01:00:00,9.584,16
2022-03-01 01:00:00,8.569,37
2022-03-02 01:00:00,8.491,24
2022-03-03 01:00:00,8.798,18
2022-03-04 01:00:00,8.942,24
2022-03-05 01:00:00,9.277,34
2022-03-06 01:00:00,9.565,32
2022-03-07 01:00:00,9.866,23
2022-03-08 01:00:00,9.492,53
2022-03-09 01:00:00,9.179,21
2022-03-10 01:00:00,9.452,30
2022-03-11 01:00:00,9.762,25
2022-03-12 01:00:00,9.993,33
2022-03-13 01:00:00,10.484,22
2022-03-14 01:00:00,11.01,22
2022-03-15 01:00:00,10.142,12
2022-03-16 01:00:00,9.671,27
2022-03-17 01:00:00,9.717,34
2022-03-18 01:00:00,10.3,19
2022-03-19 01:00:00,10.504,19
2022-03-20 01:00:00,10.609,26
2022-03-21 01:00:00,10.1,19
2022-03-22 01:00:00,10.487,15
2022-03-23 01:00:00,9.989,36
2022-03-24 01:00:00,10.128,20
2022-03-25 01:00:00,10.605,29
2022-03-26 01:00:00,10.238,23
2022-03-27 01:00:00,10.471,22
2022-03-28 01:00:00,10.135,14
2022-03-29 01:00:00,10.108,19
2022-03-30 01:00:00,10.036,28
2022-03-31 01:00:00,9.936,30
2022-04-01 01:00:00,9.55,26
2022-04-02 01:00:00,10.09,32
2022-04-03 01:00:00,10.607,28
2022-04-04 01:00:00,10.64,17
2022-04-05 01:00:00,10.643,18
2022-04-06 01:00:00,10.545,17
2022-04-07 01:00:00,10.399,25
2022-04-08 01:00:00,10.181,22
2022-04-09 01:00:00,10.886,27
2022-04-10 01:00:00,10.757,17
2022-04-11 01:00:00,10.219,20
2022-04-12 01:00:00,10.77,18
2022-04-13 01:00:00,10.582,22
2022-04-14 01:00:00,10.793,24
2022-04-15 01:00:00,10.359,18
2022-04-16 01:00:00,10.354,27
2022-04-17 01:00:00,10.501,33
2022-04-18 01:00:00,10.728,14
2022-04-19 01:00:00,10.784,20
2022-04-20 01:00:00,10.75,21
2022-04-21 01:00:00,10.548,16
2022-04-22 01:00:00,10.665,29
2022-04-23 01:00:00,10.729,27
2022-04-24 01:00:00,10.584,17
2022-04-25 01:00:00,10.679,30
2022-04-26 01:00:00,10.166,31
2022-04-27 01:00:00,10.378,23
2022-04-28 01:00:00,9.74,16
2022-04-29 01:00:00,10.319,23
2022-04-30 01:00:00,10.448,24
2022-05-01 01:00:00,10.271,23
2022-05-02 01:00:00,10.569,21
2022-05-03 01:00:00,10.456,25
2022-05-04 01:00:00,9.669,70
2022-05-05 01:00:00,9.523,25
2022-05-06 01:00:00,9.672,29
2022-05-07 01:00:00,9.74,37
2022-05-08 01:00:00,10.323,12
2022-05-09 01:00:00,9.476,23
2022-05-10 01:00:00,9.569,24
2022-05-11 01:00:00,9.525,30
2022-05-12 01:00:00,9.465,21
2022-05-13 01:00:00,9.621,19
2022-05-14 01:00:00,9.86,17
2022-05-15 01:00:00,9.748,23
2022-05-16 01:00:00,9.706,10
2022-05-17 01:00:00,9.639,24
2022-05-18 01:00:00,9.296,16
2022-05-19 01:00:00,9.39,23
2022-05-20 01:00:00,9.507,20
2022-05-21 01:00:00,9.672,14
2022-05-22 01:00:00,9.674,19
2022-05-23 01:00:00,9.324,15
2022-05-24 01:00:00,9.459,12
2022-05-25 01:00:00,9.655,20
2022-05-26 01:00:00,8.952,15
2022-05-27 01:00:00,8.818,19
2022-05-28 01:00:00,9.672,22
2022-05-29 01:00:00,9.446,18
2022-05-30 01:00:00,9.714,19
2022-05-31 01:00:00,9.835,13
2022-06-01 01:00:00,9.83,19
2022-06-02 01:00:00,10.087,15
2022-06-03 01:00:00,9.507,35
2022-06-04 01:00:00,9.45,21
2022-06-05 01:00:00,9.62,29
2022-06-06 01:00:00,9.456,23
2022-06-07 01:00:00,9.72,20
2022-06-08 01:00:00,9.81,28
2022-06-09 01:00:00,9.871,17
2022-06-10 01:00:00,9.751,19
2022-06-11 01:00:00,9.452,21
2022-06-12 01:00:00,9.912,19
2022-06-13 01:00:00,9.849,9
2022-06-14 01:00:00,9.511,24
2022-06-15 01:00:00,9.23,19
2022-06-16 01:00:00,8.97,25
2022-06-17 01:00:00,9.206,19
2022-06-18 01:00:00,9.583,20
2022-06-19 01:00:00,9.372,21
2022-06-20 01:00:00,9.515,26
2022-06-21 01:00:00,9.052,20
2022-06-22 01:00:00,8.865,17
2022-06-23 01:00:00,9.271,22
2022-06-24 01:00:00,8.713,32
2022-06-25 01:00:00,8.554,32
2022-06-26 01:00:00,8.721,21
2022-06-27 01:00:00,8.962,17
2022-06-28 01:00:00,8.543,26
2022-06-29 01:00:00,9.004,20
2022-06-30 01:00:00,9.155,20
2022-07-01 01:00:00,9.377,22
2022-07-02 01:00:00,9.044,29
2022-07-03 01:00:00,9.465,22
2022-07-04 01:00:00,9.2,26
2022-07-05 01:00:00,8.921,29
2022-07-06 01:00:00,8.912,24
2022-07-07 01:00:00,8.988,30
2022-07-08 01:00:00,9.093,27
2022-07-09 01:00:00,8.891,34
2022-07-10 01:00:00,9.029,36
2022-07-11 01:00:00,9.623,13
2022-07-12 01:00:00,9.767,18
2022-07-13 01:00:00,10.147,11
2022-07-14 01:00:00,9.845,26
2022-07-15 01:00:00,9.89,23
2022-07-16 01:00:00,9.858,17
2022-07-17 01:00:00,9.968,18
2022-07-18 01:00:00,9.986,16
2022-07-19 01:00:00,9.919,11
2022-07-20 01:00:00,10.662,9
2022-07-21 01:00:00,9.927,29
2022-07-22 01:00:00,10.245,13
2022-07-23 01:00:00,9.794,28
2022-07-24 01:00:00,10.237,29
2022-07-25 01:00:00,10.21,21
2022-07-26 01:00:00,10.438,25
2022-07-27 01:00:00,9.72,33
2022-07-28 01:00:00,10.421,21
2022-07-29 01:00:00,10.38,12
2022-07-30 01:00:00,9.864,23
2022-07-31 01:00:00,10.161,19
2022-08-01 01:00:00,10.232,25
2022-08-02 01:00:00,10.28,19
2022-08-03 01:00:00,10.354,21
2022-08-04 01:00:00,10.335,16
2022-08-05 01:00:00,10.527,19
2022-08-06 01:00:00,10.583,24
2022-08-07 01:00:00,11.377,26
2022-08-08 01:00:00,10.968,22
2022-08-09 01:00:00,11.145,13
2022-08-10 01:00:00,10.528,25
2022-08-11 01:00:00,10.897,25
2022-08-12 01:00:00,10.905,49
2022-08-13 01:00:00,10.97,40
2022-08-14 01:00:00,11.314,34
2022-08-15 01:00:00,11.703,20
2022-08-16 01:00:00,11.909,19
2022-08-17 01:00:00,11.208,53
2022-08-18 01:00:00,11.31,33
2022-08-19 01:00:00,11.331,27
2022-08-20 01:00:00,11.508,27
2022-08-21 01:00:00,11.004,30
2022-08-22 01:00:00,11.443,29
2022-08-23 01:00:00,11.038,28
2022-08-24 01:00:00,10.461,94
2022-08-25 01:00:00,9.826,64
2022-08-26 01:00:00,9.465,34
2022-08-27 01:00:00,9.623,36
2022-08-28 01:00:00,9.899,36
2022-08-29 01:00:00,9.794,28
2022-08-30 01:00:00,9.473,32
2022-08-31 01:00:00,9.453,44
2022-09-01 01:00:00,9.962,30
2022-09-02 01:00:00,9.486,33
2022-09-03 01:00:00,9.463,31
2022-09-04 01:00:00,9.211,25
2022-09-05 01:00:00,9.308,30
2022-09-06 01:00:00,9.454,29
2022-09-07 01:00:00,9.166,23
2022-09-08 01:00:00,9.284,19
2022-09-09 01:00:00,9.094,32
2022-09-10 01:00:00,8.857,37
2022-09-11 01:00:00,9.283,29
2022-09-12 01:00:00,9.236,25
2022-09-13 01:00:00,9.532,17
2022-09-14 01:00:00,8.68,68
2022-09-15 01:00:00,8.594,33
2022-09-16 01:00:00,8.586,33
2022-09-17 01:00:00,8.511,37
2022-09-18 01:00:00,8.601,33
2022-09-19 01:00:00,8.19,16
2022-09-20 01:00:00,8.279,18
2022-09-21 01:00:00,8.307,23
2022-09-22 01:00:00,8.261,14
2022-09-23 01:00:00,8.216,30
2022-09-24 01:00:00,8.426,21
2022-09-25 01:00:00,8.496,25
2022-09-26 01:00:00,8.271,17
2022-09-27 01:00:00,8.067,19
2022-09-28 01:00:00,8.522,12
2022-09-29 01:00:00,8.02,18
2022-09-30 01:00:00,8.459,15
2022-10-01 01:00:00,8.209,21
2022-10-02 01:00:00,8.128,31
2022-10-03 01:00:00,8.036,17
2022-10-04 01:00:00,8.449,21
2022-10-05 01:00:00,8.249,25
2022-10-06 01:00:00,8.239,21
2022-10-07 01:00:00,9.013,29
2022-10-08 01:00:00,9.028,15
2022-10-09 01:00:00,8.928,18
2022-10-10 01:00:00,8.13,17
2022-10-11 01:00:00,9.025,20
2022-10-12 01:00:00,9.01,19
2022-10-13 01:00:00,8.926,20
2022-10-14 01:00:00,8.823,14
2022-10-15 01:00:00,8.73,38
2022-10-16 01:00:00,9.236,17
2022-10-17 01:00:00,8.951,18
2022-10-18 01:00:00,9.138,19
2022-10-19 01:00:00,8.84,20
2022-10-20 01:00:00,9.272,13
2022-10-21 01:00:00,8.942,13
2022-10-22 01:00:00,8.337,41
2022-10-23 01:00:00,8.482,15
2022-10-24 01:00:00,8.321,17
2022-10-25 01:00:00,8.584,15
2022-10-26 01:00:00,8.559,21
2022-10-27 01:00:00,8.803,23
2022-10-28 01:00:00,8.718,15
2022-10-29 01:00:00,8.818,27
2022-10-30 01:00:00,8.923,17
2022-10-31 01:00:00,8.762,16
2022-11-01 01:00:00,8.737,16
2022-11-02 01:00:00,8.671,26
2022-11-03 01:00:00,8.957,17
2022-11-04 01:00:00,9.641,22
2022-11-05 01:00:00,10.038,13
2022-11-06 01:00:00,9.833,15
2022-11-07 01:00:00,10.214,12
2022-11-08 01:00:00,9.929,14
2022-11-09 01:00:00,10.188,14
2022-11-10 01:00:00,10.498,8
2022-11-11 01:00:00,10.195,14
2022-11-12 01:00:00,10.412,21
2022-11-13 01:00:00,10.271,13
2022-11-14 01:00:00,9.966,15
2022-11-15 01:00:00,10.963,12
2022-11-16 01:00:00,9.926,10
2022-11-17 01:00:00,10.085,8
2022-11-18 01:00:00,10.109,15
2022-11-19 01:00:00,9.723,26
2022-11-20 01:00:00,9.888,15
2022-11-21 01:00:00,9.751,9
2022-11-22 01:00:00,9.168,7
2022-11-23 01:00:00,8.829,23
2022-11-24 01:00:00,8.86,12
2022-11-25 01:00:00,8.574,11
2022-11-26 01:00:00,8.591,12
2022-11-27 01:00:00,8.783,15
2022-11-28 01:00:00,8.904,17
2022-11-29 01:00:00,9.266,10
2022-11-30 01:00:00,9.45,13
2022-12-01 01:00:00,9.753,7
2022-12-02 01:00:00,9.827,17
2022-12-03 01:00:00,10.2,15
2022-12-04 01:00:00,10.238,14
2022-12-05 01:00:00,9.981,11
2022-12-06 01:00:00,9.995,16
2022-12-07 01:00:00,10.256,7
2022-12-08 01:00:00,9.893,21
2022-12-09 01:00:00,10.228,9
2022-12-10 01:00:00,10.583,6
2022-12-11 01:00:00,10.138,10
2022-12-12 01:00:00,9.886,12
2022-12-13 01:00:00,9.959,14
2022-12-14 01:00:00,10.057,17
2022-12-15 01:00:00,9.955,10
2022-12-16 01:00:00,10.26,17
2022-12-17 01:00:00,10.274,13
2022-12-18 01:00:00,10.626,10
2022-12-19 01:00:00,10.211,8
2022-12-20 01:00:00,10.079,13
2022-12-21 01:00:00,10.561,10
2022-12-22 01:00:00,10.223,14
2022-12-23 01:00:00,10.261,28
2022-12-24 01:00:00,10.019,14
2022-12-25 01:00:00,9.914,16
2022-12-26 01:00:00,10.021,20
2022-12-27 01:00:00,10.265,20
2022-12-28 01:00:00,9.941,12
2022-12-29 01:00:00,10.075,9
2022-12-30 01:00:00,9.827,23
2022-12-31 01:00:00,10.323,17
2023-01-01 01:00:00,10.276,16
2023-01-02 01:00:00,10.706,7
2023-01-03 01:00:00,10.238,22
2023-01-04 01:00:00,10.345,10
2023-01-05 01:00:00,10.026,19
2023-01-06 01:00:00,10.206,17
2023-01-07 01:00:00,10.827,7
2023-01-08 01:00:00,10.535,12
2023-01-09 01:00:00,10.9,13
2023-01-10 01:00:00,10.934,15
2023-01-11 01:00:00,11.065,17
2023-01-12 01:00:00,11.235,14
2023-01-13 01:00:00,11.385,14
2023-01-14 01:00:00,11.958,15
2023-01-15 01:00:00,11.229,18
2023-01-16 01:00:00,11.766,16
2023-01-17 01:00:00,12.336,12
2023-01-18 01:00:00,11.131,10
2023-01-19 01:00:00,11.914,12
2023-01-20 01:00:00,11.562,22
2023-01-21 01:00:00,11.331,20
2023-01-22 01:00:00,11.237,25
2023-01-23 01:00:00,11.823,15
2023-01-24 01:00:00,11.723,16
2023-01-25 01:00:00,11.458,18
2023-01-26 01:00:00,12.231,12
2023-01-27 01:00:00,12.57,9
2023-01-28 01:00:00,11.778,22
2023-01-29 01:00:00,11.849,20
2023-01-30 01:00:00,11.515,15
2023-01-31 01:00:00,11.35,15
2023-02-01 01:00:00,12.077,19
2023-02-02 01:00:00,12.729,13
2023-02-03 01:00:00,11.888,24
2023-02-04 01:00:00,13.105,16
2023-02-05 01:00:00,12.527,12
2023-02-06 01:00:00,11.79,10
2023-02-07 01:00:00,11.946,16
2023-02-08 01:00:00,11.908,13
2023-02-09 01:00:00,11.77,12
2023-02-10 01:00:00,11.522,57
2023-02-11 01:00:00,11.78,33
2023-02-12 01:00:00,11.603,23
2023-02-13 01:00:00,11.852,29
2023-02-14 01:00:00,11.565,27
2023-02-15 01:00:00,11.514,23
2023-02-16 01:00:00,11.416,28
2023-02-17 01:00:00,11.149,18
2023-02-18 01:00:00,11.169,22
2023-02-19 01:00:00,11.219,28
2023-02-20 01:00:00,11.73,14
2023-02-21 01:00:00,11.53,19
2023-02-22 01:00:00,11.648,21
2023-02-23 01:00:00,11.147,27
2023-02-24 01:00:00,11.275,27
2023-02-25 01:00:00,11.03,27
2023-02-26 01:00:00,11.485,16
2023-02-27 01:00:00,11.583,23
2023-02-28 01:00:00,11.793,12
2023-03-01 01:00:00,11.766,21
2023-03-02 01:00:00,12.441,25
2023-03-03 01:00:00,12.29,19
2023-03-04 01:00:00,11.574,21
2023-03-05 01:00:00,12.283,27
2023-03-06 01:00:00,12.573,26
2023-03-07 01:00:00,12.52,22
2023-03-08 01:00:00,11.566,23
2023-03-09 01:00:00,11.77,28
2023-03-10 01:00:00,11.652,32
2023-03-11 01:00:00,11.902,23
2023-03-12 01:00:00,11.435,24
2023-03-13 01:00:00,11.461,23
2023-03-14 01:00:00,11.882,21
2023-03-15 01:00:00,11.863,20
2023-03-16 01:00:00,11.64,21
2023-03-17 01:00:00,11.546,43
2023-03-18 01:00:00,11.571,27
2023-03-19 01:00:00,11.7,21
2023-03-20 01:00:00,12.056,24
2023-03-21 01:00:00,11.43,28
2023-03-22 01:00:00,11.556,43
2023-03-23 01:00:00,11.614,27
2023-03-24 01:00:00,11.091,27
2023-03-25 01:00:00,11.486,32
2023-03-26 01:00:00,11.681,48
2023-03-27 01:00:00,11.785,21
2023-03-28 01:00:00,12.21,55
2023-03-29 01:00:00,12.106,25
2023-03-30 01:00:00,11.34,26
2023-03-31 01:00:00,11.908,34
2023-04-01 01:00:00,11.995,33
2023-04-02 01:00:00,12.747,34
2023-04-03 01:00:00,12.343,36
2023-04-04 01:00:00,12.889,22
2023-04-05 01:00:00,12.663,48
2023-04-06 01:00:00,12.726,35
2023-04-07 01:00:00,12.464,44
2023-04-08 01:00:00,12.328,43
2023-04-09 01:00:00,12.361,36
2023-04-10 01:00:00,12.166,39
2023-04-11 01:00:00,12.549,26
2023-04-12 01:00:00,12.132,38
2023-04-13 01:00:00,12.504,37
2023-04-14 01:00:00,12.276,33
2023-04-15 01:00:00,12.421,40
2023-04-16 01:00:00,12.587,38
2023-04-17 01:00:00,12.033,39
2023-04-18 01:00:00,12.224,37
2023-04-19 01:00:00,12.528,33
2023-04-20 01:00:00,12.373,48
2023-04-21 01:00:00,12.679,40
2023-04-22 01:00:00,12.847,41
2023-04-23 01:00:00,12.728,42
2023-04-24 01:00:00,12.861,28
2023-04-25 01:00:00,11.234,58
2023-04-26 01:00:00,11.099,33
2023-04-27 01:00:00,11.629,26
2023-04-28 01:00:00,11.011,33
2023-04-29 01:00:00,10.839,29
2023-04-30 01:00:00,11.236,37
2023-05-01 01:00:00,11.132,24
2023-05-02 01:00:00,10.656,38
2023-05-03 01:00:00,10.717,26
2023-05-04 01:00:00,10.723,24
2023-05-05 01:00:00,9.954,66
2023-05-06 01:00:00,10.166,32
2023-05-07 01:00:00,10.29,34
2023-05-08 01:00:00,10.567,30
2023-05-09 01:00:00,10.508,24
2023-05-10 01:00:00,10.008,30
2023-05-11 01:00:00,10.422,26
2023-05-12 01:00:00,10.364,23
2023-05-13 01:00:00,10.797,30
2023-05-14 01:00:00,10.715,27
2023-05-15 01:00:00,11.243,29
2023-05-16 01:00:00,11.612,17
2023-05-17 01:00:00,10.675,19
2023-05-18 01:00:00,11.169,31
2023-05-19 01:00:00,10.629,24
2023-05-20 01:00:00,10.241,33
2023-05-21 01:00:00,10.472,28
2023-05-22 01:00:00,11.064,21
2023-05-23 01:00:00,10.717,25
2023-05-24 01:00:00,11.152,28
2023-05-25 01:00:00,11.709,21
2023-05-26 01:00:00,10.829,18
2023-05-27 01:00:00,11.305,29
2023-05-28 01:00:00,11.057,22
2023-05-29 01:00:00,11.208,26
2023-05-30 01:00:00,10.857,26
2023-05-31 01:00:00,10.69,31
2023-06-01 01:00:00,10.652,28
2023-06-02 01:00:00,10.565,36
2023-06-03 01:00:00,10.918,31
2023-06-04 01:00:00,11.162,43
2023-06-05 01:00:00,11.76,21
2023-06-06 01:00:00,10.957,43
2023-06-07 01:00:00,11.075,38
2023-06-08 01:00:00,11.283,41
2023-06-09 01:00:00,11.264,46
2023-06-10 01:00:00,11.234,40
2023-06-11 01:00:00,10.856,57
2023-06-12 01:00:00,10.504,64
2023-06-13 01:00:00,10.716,40
2023-06-14 01:00:00,10.582,38
2023-06-15 01:00:00,10.768,30
2023-06-16 01:00:00,10.433,49
2023-06-17 01:00:00,10.765,35
2023-06-18 01:00:00,10.638,37
2023-06-19 01:00:00,10.344,41
2023-06-20 01:00:00,10.067,53
2023-06-21 01:00:00,10.098,42
2023-06-22 01:00:00,10.153,29
2023-06-23 01:00:00,9.966,51
2023-06-24 01:00:00,9.527,32
2023-06-25 01:00:00,9.696,30
2023-06-26 01:00:00,9.418,25
2023-06-27 01:00:00,9.117,23
2023-06-28 01:00:00,8.969,41
2023-06-29 01:00:00,8.943,23
2023-06-30 01:00:00,8.051,42
2023-07-01 01:00:00,8.049,27
2023-07-02 01:00:00,7.81,31
2023-07-03 01:00:00,7.822,31
2023-07-04 01:00:00,8.087,21
2023-07-05 01:00:00,7.721,29
2023-07-06 01:00:00,7.808,31
2023-07-07 01:00:00,8.175,18
2023-07-08 01:00:00,7.638,23
2023-07-09 01:00:00,8.061,27
2023-07-10 01:00:00,7.94,28
2023-07-11 01:00:00,8.062,26
2023-07-12 01:00:00,7.977,25
2023-07-13 01:00:00,7.954,29
2023-07-14 01:00:00,8.485,31
2023-07-15 01:00:00,8.555,22
2023-07-16 01:00:00,7.597,21
2023-07-17 01:00:00,8.066,23
2023-07-18 01:00:00,7.912,29
2023-07-19 01:00:00,8.05,16
2023-07-20 01:00:00,8.156,26
2023-07-21 01:00:00,8.052,15
2023-07-22 01:00:00,7.921,23
2023-07-23 01:00:00,7.92,17
2023-07-24 01:00:00,8.255,24
2023-07-25 01:00:00,8.31,23
2023-07-26 01:00:00,8.216,20
2023-07-27 01:00:00,8.212,26
2023-07-28 01:00:00,8.441,20
2023-07-29 01:00:00,8.826,23
2023-07-30 01:00:00,8.602,26
2023-07-31 01:00:00,8.91,22
2023-08-01 01:00:00,9.194,17
2023-08-02 01:00:00,8.681,24
2023-08-03 01:00:00,8.745,27
2023-08-04 01:00:00,8.497,22
2023-08-05 01:00:00,8.665,22
2023-08-06 01:00:00,8.637,27
2023-08-07 01:00:00,8.941,22
2023-08-08 01:00:00,9.076,23
2023-08-09 01:00:00,8.982,24
2023-08-10 01:00:00,8.491,18
2023-08-11 01:00:00,8.487,23
2023-08-12 01:00:00,8.698,20
2023-08-13 01:00:00,9.272,14
2023-08-14 01:00:00,8.902,20
2023-08-15 01:00:00,8.646,16
2023-08-16 01:00:00,8.73,27
2023-08-17 01:00:00,8.179,24
2023-08-18 01:00:00,8.689,22
2023-08-19 01:00:00,8.548,18
2023-08-20 01:00:00,8.374,28
2023-08-21 01:00:00,8.998,22
2023-08-22 01:00:00,8.262,20
2023-08-23 01:00:00,8.689,17
2023-08-24 01:00:00,8.523,22
2023-08-25 01:00:00,8.42,21
2023-08-26 01:00:00,8.656,19
2023-08-27 01:00:00,8.775,21
2023-08-28 01:00:00,8.651,25
2023-08-29 01:00:00,8.886,20
2023-08-30 01:00:00,8.62,22
2023-08-31 01:00:00,8.217,19
2023-09-01 01:00:00,8.815,22
2023-09-02 01:00:00,9.09,22
2023-09-03 01:00:00,9.845,25
2023-09-04 01:00:00,9.579,33
2023-09-05 01:00:00,9.707,29
2023-09-06 01:00:00,9.599,22
2023-09-07 01:00:00,9.66,22
2023-09-08 01:00:00,9.459,28
2023-09-09 01:00:00,9.463,34
2023-09-10 01:00:00,9.775,29
2023-09-11 01:00:00,9.815,31
2023-09-12 01:00:00,9.796,25
2023-09-13 01:00:00,9.076,24
2023-09-14 01:00:00,8.942,32
2023-09-15 01:00:00,9.164,27
2023-09-16 01:00:00,9.355,31
2023-09-17 01:00:00,9.403,30
2023-09-18 01:00:00,9.345,20
2023-09-19 01:00:00,9.429,19
2023-09-20 01:00:00,9.236,15
2023-09-21 01:00:00,9.323,20
2023-09-22 01:00:00,9.169,24
2023-09-23 01:00:00,9.353,25
2023-09-24 01:00:00,9.773,17
2023-09-25 01:00:00,9.811,14
2023-09-26 01:00:00,9.512,25
2023-09-27 01:00:00,9.389,18
2023-09-28 01:00:00,9.874,50
2023-09-29 01:00:00,9.767,40
2023-09-30 01:00:00,9.631,28
2023-10-01 01:00:00,9.553,43
2023-10-02 01:00:00,9.736,34
2023-10-03 01:00:00,9.807,33
2023-10-04 01:00:00,9.902,41
2023-10-05 01:00:00,9.557,28
2023-10-06 01:00:00,10.01,26
2023-10-07 01:00:00,10.125,44
2023-10-08 01:00:00,10.582,39
2023-10-09 01:00:00,10.376,38
2023-10-10 01:00:00,9.777,37
2023-10-11 01:00:00,9.655,33
2023-10-12 01:00:00,9.981,29
2023-10-13 01:00:00,9.964,60
2023-10-14 01:00:00,10.133,67
2023-10-15 01:00:00,10.205,57
2023-10-16 01:00:00,10.193,49
2023-10-17 01:00:00,10.308,36
2023-10-18 01:00:00,10.193,46
2023-10-19 01:00:00,10.386,41
2023-10-20 01:00:00,10.127,35
2023-10-21 01:00:00,10.128,47
2023-10-22 01:00:00,9.502,42
2023-10-23 01:00:00,9.714,45
2023-10-24 01:00:00,9.727,37
2023-10-25 01:00:00,9.218,36
2023-10-26 01:00:00,9.408,40
2023-10-27 01:00:00,8.892,35
2023-10-28 01:00:00,9.068,44
2023-10-29 01:00:00,9.322,27
2023-10-30 01:00:00,8.88,26
2023-10-31 01:00:00,8.819,25
2023-11-01 01:00:00,9.045,31
2023-11-02 01:00:00,8.531,26
2023-11-03 01:00:00,8.568,30
2023-11-04 01:00:00,9.058,33
2023-11-05 01:00:00,9.018,36
2023-11-06 01:00:00,9.022,16
2023-11-07 01:00:00,9.07,21
2023-11-08 01:00:00,8.533,37
2023-11-09 01:00:00,8.746,23
2023-11-10 01:00:00,8.695,20
2023-11-11 01:00:00,8.55,37
2023-11-12 01:00:00,8.875,28
2023-11-13 01:00:00,8.748,17
2023-11-14 01:00:00,8.918,15
2023-11-15 01:00:00,8.471,20
2023-11-16 01:00:00,8.123,17
2023-11-17 01:00:00,7.993,21
2023-11-18 01:00:00,8.02,19
2023-11-19 01:00:00,8.202,28
2023-11-20 01:00:00,8.244,23
2023-11-21 01:00:00,8.467,13
2023-11-22 01:00:00,7.498,39
2023-11-23 01:00:00,7.404,26
2023-11-24 01:00:00,7.677,21
2023-11-25 01:00:00,7.708,24
2023-11-26 01:00:00,7.629,27
2023-11-27 01:00:00,7.721,16
2023-11-28 01:00:00,7.655,15
2023-11-29 01:00:00,8.004,19
2023-11-30 01:00:00,8.154,17
2023-12-01 01:00:00,8.473,18
2023-12-02 01:00:00,8.591,26
2023-12-03 01:00:00,8.459,23
2023-12-04 01:00:00,8.596,18
2023-12-05 01:00:00,8.854,16
2023-12-06 01:00:00,8.477,19
2023-12-07 01:00:00,8.594,14
2023-12-08 01:00:00,8.179,18
2023-12-09 01:00:00,8.513,20
2023-12-10 01:00:00,7.808,23
2023-12-11 01:00:00,8.313,14
2023-12-12 01:00:00,8.417,17
2023-12-13 01:00:00,8.236,16
2023-12-14 01:00:00,8.373,13
2023-12-15 01:00:00,8.257,17
2023-12-16 01:00:00,8.149,25
2023-12-17 01:00:00,7.939,15
2023-12-18 01:00:00,8.21,20
2023-12-19 01:00:00,8.034,14
2023-12-20 01:00:00,8.149,12
2023-12-21 01:00:00,8.11,10
2023-12-22 01:00:00,7.915,20
2023-12-23 01:00:00,7.577,23
2023-12-24 01:00:00,7.704,12
2023-12-25 01:00:00,7.874,16
2023-12-26 01:00:00,7.605,16
2023-12-27 01:00:00,7.729,20
2023-12-28 01:00:00,7.785,19
2023-12-29 01:00:00,7.926,12
2023-12-30 01:00:00,7.916,23
2023-12-31 01:00:00,7.837,23
2024-01-01 01:00:00,8.09,22
2024-01-02 01:00:00,7.975,11
2024-01-03 01:00:00,7.817,14
2024-01-04 01:00:00,7.891,22
2024-01-05 01:00:00,8.315,13
2024-01-06 01:00:00,8.408,15
2024-01-07 01:00:00,8.288,17
2024-01-08 01:00:00,8.248,13
2024-01-09 01:00:00,7.94,13
2024-01-10 01:00:00,8.558,13
2024-01-11 01:00:00,8.028,15
2024-01-12 01:00:00,7.736,13
2024-01-13 01:00:00,8.297,15
2024-01-14 01:00:00,8.574,10
2024-01-15 01:00:00,8.38,13
2024-01-16 01:00:00,8.516,9
2024-01-17 01:00:00,8.269,16
2024-01-18 01:00:00,8.073,14
2024-01-19 01:00:00,7.94,21
2024-01-20 01:00:00,7.548,28
2024-01-21 01:00:00,7.254,18
2024-01-22 01:00:00,7.156,28
2024-01-23 01:00:00,7.445,16
2024-01-24 01:00:00,6.985,16
2024-01-25 01:00:00,7.143,15
2024-01-26 01:00:00,7.4,17
2024-01-27 01:00:00,6.955,21
2024-01-28 01:00:00,7.479,21
2024-01-29 01:00:00,7.097,16
2024-01-30 01:00:00,7.528,9
2024-01-31 01:00:00,7.231,22
2024-02-01 01:00:00,7.396,12
2024-02-02 01:00:00,7.233,17
2024-02-03 01:00:00,7.475,26
2024-02-04 01:00:00,7.465,17
2024-02-05 01:00:00,7.721,8
2024-02-06 01:00:00,8.088,10
2024-02-07 01:00:00,6.868,105
2024-02-08 01:00:00,6.464,45
2024-02-09 01:00:00,6.328,45
2024-02-10 01:00:00,6.434,39
2024-02-11 01:00:00,6.368,23
2024-02-12 01:00:00,6.267,25
2024-02-13 01:00:00,6.273,26
2024-02-14 01:00:00,6.501,30
2024-02-15 01:00:00,6.603,26
2024-02-16 01:00:00,6.327,26
2024-02-17 01:00:00,6.254,23
2024-02-18 01:00:00,6.292,29
2024-02-19 01:00:00,6.507,19
2024-02-20 01:00:00,6.576,11
2024-02-21 01:00:00,6.315,23
2024-02-22 01:00:00,6.392,17
2024-02-23 01:00:00,6.381,26
2024-02-24 01:00:00,6.44,17
2024-02-25 01:00:00,6.462,28
2024-02-26 01:00:00,6.441,14
2024-02-27 01:00:00,6.149,14
2024-02-28 01:00:00,5.969,19
2024-02-29 01:00:00,6.188,21
2024-03-01 01:00:00,6.094,26
2024-03-02 01:00:00,6.58,24
2024-03-03 01:00:00,6.572,16
2024-03-04 01:00:00,6.557,17
2024-03-05 01:00:00,6.738,21
2024-03-06 01:00:00,6.522,18
2024-03-07 01:00:00,6.921,19
2024-03-08 01:00:00,6.627,19
2024-03-09 01:00:00,6.27,24
2024-03-10 01:00:00,6.584,20
2024-03-11 01:00:00,6.444,12
2024-03-12 01:00:00,6.556,18
2024-03-13 01:00:00,6.279,11
2024-03-14 01:00:00,5.996,37
2024-03-15 01:00:00,5.741,39
2024-03-16 01:00:00,5.763,32
2024-03-17 01:00:00,5.88,19
2024-03-18 01:00:00,6.001,17
2024-03-19 01:00:00,5.678,10
2024-03-20 01:00:00,5.843,16
2024-03-21 01:00:00,5.831,35
2024-03-22 01:00:00,5.973,16
2024-03-23 01:00:00,6.004,26
2024-03-24 01:00:00,6.039,20
2024-03-25 01:00:00,6.049,17
2024-03-26 01:00:00,6.128,12
2024-03-27 01:00:00,6.249,18
2024-03-28 01:00:00,6.281,12
2024-03-29 01:00:00,6.306,18
2024-03-30 01:00:00,6.317,21
2024-03-31 01:00:00,6.375,15
2024-04-01 01:00:00,6.344,15
2024-04-02 01:00:00,6.688,8
2024-04-03 01:00:00,6.732,15
2024-04-04 01:00:00,6.929,24
2024-04-05 01:00:00,6.74,13
2024-04-06 01:00:00,6.384,15
2024-04-07 01:00:00,6.8,20
2024-04-08 01:00:00,6.65,11
2024-04-09 01:00:00,6.362,17
2024-04-10 01:00:00,6.626,19
2024-04-11 01:00:00,6.795,27
2024-04-12 01:00:00,7.204,17
2024-04-13 01:00:00,7.47,19
2024-04-14 01:00:00,7.524,21
2024-04-15 01:00:00,6.986,23
2024-04-16 01:00:00,6.832,15
2024-04-17 01:00:00,6.613,19
2024-04-18 01:00:00,7.189,11
2024-04-19 01:00:00,7.128,21
2024-04-20 01:00:00,7.204,17
2024-04-21 01:00:00,7.006,16
2024-04-22 01:00:00,6.798,17
2024-04-23 01:00:00,6.843,11
2024-04-24 01:00:00,7.047,19
2024-04-25 01:00:00,6.536,17
2024-04-26 01:00:00,6.7,22
2024-04-27 01:00:00,6.367,18
2024-04-28 01:00:00,6.641,30
2024-04-29 01:00:00,6.774,18
2024-04-30 01:00:00,6.425,15
2024-05-01 01:00:00,6.617,17
2024-05-02 01:00:00,6.585,11
2024-05-03 01:00:00,6.546,16
2024-05-04 01:00:00,6.844,17
2024-05-05 01:00:00,6.897,11
2024-05-06 01:00:00,6.932,15
2024-05-07 01:00:00,6.845,9
2024-05-08 01:00:00,6.992,15
2024-05-09 01:00:00,6.984,10
2024-05-10 01:00:00,6.971,13
2024-05-11 01:00:00,7.284,18
2024-05-12 01:00:00,7.243,14
2024-05-13 01:00:00,6.958,10
2024-05-14 01:00:00,6.897,7
2024-05-15 01:00:00,6.974,12
2024-05-16 01:00:00,7.13,16
2024-05-17 01:00:00,7.47,19
2024-05-18 01:00:00,7.263,17
2024-05-19 01:00:00,7.355,20
2024-05-20 01:00:00,6.882,19
2024-05-21 01:00:00,6.846,11
2024-05-22 01:00:00,7.143,9
2024-05-23 01:00:00,6.928,11
2024-05-24 01:00:00,6.611,17
2024-05-25 01:00:00,6.695,15
2024-05-26 01:00:00,6.757,14
2024-05-27 01:00:00,6.604,20
2024-05-28 01:00:00,6.691,11
2024-05-29 01:00:00,6.981,14
2024-05-30 01:00:00,6.639,14
2024-05-31 01:00:00,6.736,14
2024-06-01 01:00:00,7.114,8
2024-06-02 01:00:00,7.011,12
2024-06-03 01:00:00,7.358,14
2024-06-04 01:00:00,6.8,15
2024-06-05 01:00:00,7.218,13
2024-06-06 01:00:00,7.118,8
2024-06-07 01:00:00,7.264,13
2024-06-08 01:00:00,6.792,31
2024-06-09 01:00:00,6.595,18
2024-06-10 01:00:00,6.537,14
2024-06-11 01:00:00,6.79,14
2024-06-12 01:00:00,6.615,20
2024-06-13 01:00:00,6.661,8
2024-06-14 01:00:00,6.348,14
2024-06-15 01:00:00,6.412,21
2024-06-16 01:00:00,7.247,15
2024-06-17 01:00:00,7.143,17
2024-06-18 01:00:00,6.981,17
2024-06-19 01:00:00,6.945,18
2024-06-20 01:00:00,6.513,14
2024-06-21 01:00:00,6.485,11
2024-06-22 01:00:00,6.605,14
2024-06-23 01:00:00,6.769,10
2024-06-24 01:00:00,6.924,16
2024-06-25 01:00:00,6.451,15
2024-06-26 01:00:00,6.673,10
2024-06-27 01:00:00,7.008,12
2024-06-28 01:00:00,6.606,20
2024-06-29 01:00:00,6.622,22
2024-06-30 01:00:00,6.593,21
2024-07-01 01:00:00,6.759,18
2024-07-02 01:00:00,6.776,16
2024-07-03 01:00:00,6.709,17
2024-07-04 01:00:00,6.804,16
2024-07-05 01:00:00,6.78,13
2024-07-06 01:00:00,6.843,11
2024-07-07 01:00:00,6.672,19
2024-07-08 01:00:00,6.842,13
2024-07-09 01:00:00,6.781,19
2024-07-10 01:00:00,6.747,16
2024-07-11 01:00:00,6.802,17
2024-07-12 01:00:00,6.784,19
2024-07-13 01:00:00,6.998,19
2024-07-14 01:00:00,7.442,16
2024-07-15 01:00:00,7.312,17
2024-07-16 01:00:00,6.884,12
2024-07-17 01:00:00,6.934,15
2024-07-18 01:00:00,7.227,8
2024-07-19 01:00:00,7.353,15
2024-07-20 01:00:00,7.211,10
2024-07-21 01:00:00,6.894,12
2024-07-22 01:00:00,6.829,11
2024-07-23 01:00:00,7.33,10
2024-07-24 01:00:00,7.198,18
2024-07-25 01:00:00,6.722,12
2024-07-26 01:00:00,7.568,14
2024-07-27 01:00:00,7.175,15
2024-07-28 01:00:00,7.578,16
2024-07-29 01:00:00,7.494,12
2024-07-30 01:00:00,7.592,12
2024-07-31 01:00:00,7.377,7
2024-08-01 01:00:00,7.792,17
2024-08-02 01:00:00,7.817,15
2024-08-03 01:00:00,7.674,12
2024-08-04 01:00:00,7.589,19
2024-08-05 01:00:00,7.646,16
2024-08-06 01:00:00,7.818,16
2024-08-07 01:00:00,7.983,11
2024-08-08 01:00:00,7.95,8
2024-08-09 01:00:00,7.318,13
2024-08-10 01:00:00,7.334,11
2024-08-11 01:00:00,7.238,13
2024-08-12 01:00:00,7.355,17
2024-08-13 01:00:00,7.814,17
2024-08-14 01:00:00,7.673,13
2024-08-15 01:00:00,7.558,15
2024-08-16 01:00:00,7.315,17
2024-08-17 01:00:00,7.313,13
2024-08-18 01:00:00,6.923,17
2024-08-19 01:00:00,6.82,25
2024-08-20 01:00:00,6.451,23
2024-08-21 01:00:00,6.363,26
2024-08-22 01:00:00,6.761,25
2024-08-23 01:00:00,7.036,18
2024-08-24 01:00:00,7.152,22
2024-08-25 01:00:00,6.923,15
2024-08-26 01:00:00,7.166,13
2024-08-27 01:00:00,7.436,17
2024-08-28 01:00:00,7.384,13
2024-08-29 01:00:00,7.453,15
2024-08-30 01:00:00,7.665,20
2024-08-31 01:00:00,7.342,19
2024-09-01 01:00:00,8.023,16
2024-09-02 01:00:00,7.768,14
2024-09-03 01:00:00,7.751,10
2024-09-04 01:00:00,7.805,12
2024-09-05 01:00:00,7.695,12
2024-09-06 01:00:00,8.068,10
2024-09-07 01:00:00,7.708,14
2024-09-08 01:00:00,7.941,16
2024-09-09 01:00:00,7.908,10
2024-09-10 01:00:00,7.46,17
2024-09-11 01:00:00,7.384,5
2024-09-12 01:00:00,7.507,16
2024-09-13 01:00:00,7.537,18
2024-09-14 01:00:00,8.173,19
2024-09-15 01:00:00,8.292,10
2024-09-16 01:00:00,8.039,18
2024-09-17 01:00:00,8.108,15
2024-09-18 01:00:00,7.728,19
2024-09-19 01:00:00,7.805,13
2024-09-20 01:00:00,7.867,20
2024-09-21 01:00:00,8.298,11
2024-09-22 01:00:00,8.054,18
2024-09-23 01:00:00,8.364,9
2024-09-24 01:00:00,8.008,20
2024-09-25 01:00:00,8.578,20
2024-09-26 01:00:00,8.166,10
2024-09-27 01:00:00,8.324,10
2024-09-28 01:00:00,8.48,13
2024-09-29 01:00:00,8.011,18
2024-09-30 01:00:00,8.001,12
2024-10-01 01:00:00,8.366,8
2024-10-02 01:00:00,8.084,18
2024-10-03 01:00:00,7.009,64
2024-10-04 01:00:00,6.589,20
2024-10-05 01:00:00,7.561,24
2024-10-06 01:00:00,7.528,17
2024-10-07 01:00:00,7.71,13
2024-10-08 01:00:00,7.892,12
2024-10-09 01:00:00,8.202,12
2024-10-10 01:00:00,8.022,13
2024-10-11 01:00:00,7.946,19
2024-10-12 01:00:00,8.138,13
2024-10-13 01:00:00,8.213,13
2024-10-14 01:00:00,7.942,16
2024-10-15 01:00:00,8.095,12
2024-10-16 01:00:00,8.543,18
2024-10-17 01:00:00,8.396,17
2024-10-18 01:00:00,8.883,20
2024-10-19 01:00:00,8.633,13
2024-10-20 01:00:00,8.279,10
2024-10-21 01:00:00,8.555,14
2024-10-22 01:00:00,9.129,14
2024-10-23 01:00:00,9.288,19
2024-10-24 01:00:00,9.388,9
2024-10-25 01:00:00,8.662,18
2024-10-26 01:00:00,9.463,15
2024-10-27 01:00:00,8.755,13
2024-10-28 01:00:00,8.7,9
2024-10-29 01:00:00,8.692,14
2024-10-30 01:00:00,8.75,8
2024-10-31 01:00:00,8.15,4
2024-11-01 01:00:00,7.751,29
2024-11-02 01:00:00,7.685,25
2024-11-03 01:00:00,7.566,23
2024-11-04 01:00:00,7.692,18
2024-11-05 01:00:00,7.643,9
2024-11-06 01:00:00,7.736,19
2024-11-07 01:00:00,7.858,11
2024-11-08 01:00:00,7.981,13
2024-11-09 01:00:00,8.299,18
2024-11-10 01:00:00,8.4,14
2024-11-11 01:00:00,8.272,12
2024-11-12 01:00:00,8.098,9
2024-11-13 14:00:00,7.965,2
2024-11-13 17:00:00,8.303,1
2024-11-13 20:00:00,8.35,1
2024-11-13 21:00:00,8.383,1
2024-11-14 02:00:00,8.44,1
2024-11-14 05:00:00,8.51,1
2024-11-14 07:00:00,8.52,1
2024-11-14 08:00:00,8.585,1
2024-11-14 11:00:00,8.58,1
2024-11-14 17:00:00,8.439,1
2024-11-14 19:00:00,8.49,2
2024-11-14 23:00:00,8.141,2
2024-11-15 02:00:00,8.54,1
2024-11-15 03:00:00,8.59,2
2024-11-15 04:00:00,8.64,1
2024-11-15 06:00:00,8.66,1
2024-11-15 08:00:00,8.55,2
2024-11-15 11:00:00,8.66,1
2024-11-15 14:00:00,8.533,1
2024-11-15 15:00:00,8.66,1
2024-11-15 17:00:00,8.444,1
2024-11-15 18:00:00,8.661,1
2024-11-15 19:00:00,8.66,1
2024-11-16 01:00:00,8.654,2
2024-11-16 03:00:00,8.68,1
2024-11-16 05:00:00,8.686,1
2024-11-16 07:00:00,8.67,2
2024-11-16 10:00:00,8.286,1
2024-11-16 12:00:00,8.697,1
2024-11-16 13:00:00,8.69,1
2024-11-16 14:00:00,7.799,2
2024-11-16 15:00:00,8.546,2
2024-11-16 17:00:00,7.241,2
2024-11-16 19:00:00,8.479,1
2024-11-16 22:00:00,8.694,1
2024-11-17 01:00:00,8.668,1
2024-11-17 05:00:00,8.138,2
2024-11-17 08:00:00,8.673,1
2024-11-17 09:00:00,7.94,1
2024-11-17 13:00:00,7.935,2
2024-11-17 14:00:00,8.142,1
2024-11-17 16:00:00,8.374,1
2024-11-17 18:00:00,8.669,1
2024-11-17 21:00:00,8.474,2
2024-11-17 22:00:00,8.658,1
2024-11-18 03:00:00,8.68,2
2024-11-18 04:00:00,8.69,1
2024-11-18 05:00:00,8.688,1
2024-11-18 06:00:00,8.376,1
2024-11-18 08:00:00,7.78,1
2024-11-18 10:00:00,8.2,1
2024-11-18 12:00:00,6.85,1
2024-11-18 13:00:00,8.303,1
2024-11-18 16:00:00,8.294,2
2024-11-18 19:00:00,8.29,1
2024-11-18 20:00:00,8.357,2
2024-11-18 21:00:00,8.42,1
2024-11-18 22:00:00,8.28,1
2024-11-18 23:00:00,7.56,1
2024-11-19 03:00:00,8.67,1
2024-11-19 04:00:00,6.99,1
2024-11-19 07:00:00,8.673,1
2024-11-19 09:00:00,6.9,1
2024-11-19 12:00:00,7.7,2
2024-11-19 13:00:00,8.66,2
2024-11-19 16:00:00,8.671,2
2024-11-19 17:00:00,8.674,1
2024-11-19 20:00:00,8.661,1
2024-11-19 21:00:00,8.667,2
2024-11-19 22:00:00,8.691,1
2024-11-20 00:00:00,8.64,1
2024-11-20 03:00:00,8.641,1
2024-11-20 10:00:00,7.703,1
2024-11-20 11:00:00,7.68,1
2024-11-20 14:00:00,7.94,1
2024-11-20 15:00:00,8.29,1
2024-11-20 16:00:00,8.036,1
2024-11-20 17:00:00,8.335,3
2024-11-20 18:00:00,8.64,1
2024-11-20 19:00:00,8.637,1
2024-11-20 20:00:00,8.284,2
2024-11-20 21:00:00,8.693,3
2024-11-21 02:00:00,8.02,1
2024-11-21 03:00:00,8.05,1
2024-11-21 05:00:00,8.685,2
2024-11-21 12:00:00,6.94,1
2024-11-21 16:00:00,8.725,1
2024-11-21 19:00:00,8.719,1
2024-11-21 22:00:00,8.668,2
2024-11-21 23:00:00,8.832,1
2024-11-22 10:00:00,7.728,1
2024-11-22 12:00:00,7.59,1
2024-11-22 13:00:00,8.556,1
2024-11-22 16:00:00,7.935,1
2024-11-22 18:00:00,7.74,1
2024-11-22 22:00:00,8.337,1
2024-11-23 00:00:00,8.41,1
2024-11-23 01:00:00,8.56,1
2024-11-23 03:00:00,8.743,2
2024-11-23 06:00:00,8.74,2
2024-11-23 11:00:00,8.814,1
2024-11-23 12:00:00,8.82,1
2024-11-23 13:00:00,8.818,2
2024-11-23 14:00:00,8.825,1
2024-11-23 15:00:00,8.821,1
2024-11-23 16:00:00,8.519,2
2024-11-23 21:00:00,7.66,1
2024-11-24 00:00:00,8.685,1
2024-11-24 03:00:00,8.82,1
2024-11-24 04:00:00,8.821,1
2024-11-24 09:00:00,7.926,1
2024-11-24 10:00:00,7.925,1
2024-11-24 15:00:00,8.815,1
2024-11-24 17:00:00,8.079,1
2024-11-24 19:00:00,8.077,1
2024-11-24 20:00:00,8.097,1
2024-11-24 21:00:00,8.796,1
2024-11-24 22:00:00,8.8,1
2024-11-24 23:00:00,8.83,1
2024-11-25 00:00:00,8.83,1
2024-11-25 03:00:00,8.753,1
2024-11-25 05:00:00,7.64,1
2024-11-25 10:00:00,8.14,1
2024-11-25 11:00:00,8.815,1
2024-11-25 14:00:00,8.822,1
2024-11-25 16:00:00,8.81,1
2024-11-25 18:00:00,8.82,1
2024-11-25 21:00:00,8.818,2
2024-11-25 22:00:00,8.895,1
2024-11-26 01:00:00,8.79,1
2024-11-26 09:00:00,8.81,1
2024-11-26 12:00:00,7.664,1
2024-11-26 16:00:00,8.81,3
2024-11-26 17:00:00,8.193,2
2024-11-26 21:00:00,7.915,2
2024-11-26 22:00:00,8.762,1
2024-11-27 14:00:00,8.672,2
2024-11-27 15:00:00,7.65,1
2024-11-27 18:00:00,7.61,3
2024-11-27 19:00:00,8.234,2
2024-11-27 20:00:00,8.502,2
2024-11-27 21:00:00,8.822,1
2024-11-27 22:00:00,7.62,1
2024-11-27 23:00:00,7.851,2
2024-11-28 00:00:00,8.606,2
2024-11-28 02:00:00,7.79,4
2024-11-28 03:00:00,7.772,4
2024-11-28 04:00:00,7.805,2
2024-11-28 05:00:00,7.59,1
2024-11-28 06:00:00,7.72,3
2024-11-28 07:00:00,7.62,1
2024-11-28 08:00:00,7.5,2
2024-11-28 09:00:00,7.498,1
2024-11-28 10:00:00,7.39,2
2024-11-28 11:00:00,7.38,2
2024-11-28 12:00:00,7.28,1
2024-11-28 13:00:00,7.202,4
2024-11-28 14:00:00,7.28,6
2024-11-28 15:00:00,7.24,1
2024-11-28 16:00:00,6.96,1
2024-11-28 17:00:00,7.29,2
2024-11-28 18:00:00,7.303,5
2024-11-28 19:00:00,7.09,7
2024-11-28 20:00:00,7.508,2
2024-11-28 21:00:00,7.583,2
2024-11-29 00:00:00,7.388,1
2024-11-29 01:00:00,6.87,1
2024-11-29 03:00:00,6.85,1
2024-11-29 06:00:00,7.075,2
2024-11-29 08:00:00,7.1,1
2024-11-29 09:00:00,7.446,1
2024-11-29 10:00:00,7.14,3
2024-11-29 11:00:00,7.21,1
2024-11-29 12:00:00,7.21,2
2024-11-29 13:00:00,7.447,1
2024-11-29 14:00:00,7.18,3
2024-11-29 15:00:00,7.507,1
2024-11-29 16:00:00,7.345,2
2024-11-29 17:00:00,7.446,2
2024-11-29 18:00:00,7.391,2
2024-11-29 21:00:00,7.33,1
2024-11-29 23:00:00,7.601,2
2024-11-30 00:00:00,7.705,2
2024-11-30 01:00:00,7.21,1
2024-11-30 02:00:00,7.745,1
2024-11-30 04:00:00,7.17,1
2024-11-30 06:00:00,7.515,2
2024-11-30 07:00:00,6.71,1
2024-11-30 08:00:00,7.28,2
2024-11-30 09:00:00,7.861,2
2024-11-30 12:00:00,7.313,1
2024-11-30 13:00:00,7.79,4
2024-11-30 15:00:00,7.831,2
2024-11-30 17:00:00,7.7,3
2024-11-30 18:00:00,7.21,1
2024-11-30 20:00:00,7.25,3
2024-11-30 21:00:00,7.78,1
2024-12-01 00:00:00,7.33,1
2024-12-01 04:00:00,7.29,1
2024-12-01 05:00:00,7.28,2
2024-12-01 09:00:00,7.29,1
2024-12-01 10:00:00,7.443,2
2024-12-01 11:00:00,7.571,1
2024-12-01 12:00:00,7.58,1
2024-12-01 13:00:00,7.392,2
2024-12-01 14:00:00,7.377,4
2024-12-01 15:00:00,6.78,1
2024-12-01 16:00:00,6.59,1
2024-12-01 18:00:00,7.035,2
2024-12-01 19:00:00,7.566,3
2024-12-01 20:00:00,7.586,1
2024-12-01 22:00:00,7.39,1
2024-12-02 02:00:00,7.59,1
2024-12-02 05:00:00,7.451,1
2024-12-02 08:00:00,7.56,1
2024-12-02 12:00:00,7.496,1
2024-12-02 13:00:00,7.17,1
2024-12-02 14:00:00,7.29,1
2024-12-02 15:00:00,7.32,1
2024-12-02 16:00:00,7.501,2
2024-12-02 17:00:00,7.452,2
2024-12-02 20:00:00,7.45,2
2024-12-02 22:00:00,7.404,1
2024-12-02 23:00:00,7.553,2
2024-12-03 00:00:00,7.33,1
2024-12-03 03:00:00,7.33,1
2024-12-03 05:00:00,7.605,2
2024-12-03 06:00:00,7.27,2
2024-12-03 11:00:00,7.701,2
2024-12-03 13:00:00,7.84,1
2024-12-03 14:00:00,7.18,1
2024-12-03 15:00:00,7.845,1
2024-12-03 17:00:00,7.33,1
2024-12-03 19:00:00,7.688,1
2024-12-03 20:00:00,7.834,1
2024-12-03 21:00:00,7.882,2
2024-12-03 22:00:00,7.911,1
2024-12-04 00:00:00,7.918,2
2024-12-04 01:00:00,7.952,1
2024-12-04 05:00:00,7.53,1
2024-12-04 07:00:00,6.78,1
2024-12-04 09:00:00,7.953,1
2024-12-04 10:00:00,7.26,1
2024-12-04 11:00:00,7.59,1
2024-12-04 17:00:00,7.77,1
2024-12-04 18:00:00,7.883,1
2024-12-04 19:00:00,7.938,2
2024-12-04 22:00:00,7.95,1
2024-12-05 06:00:00,7.965,2
2024-12-05 09:00:00,7.59,1
2024-12-05 10:00:00,7.978,1
2024-12-05 13:00:00,7.84,1
2024-12-05 15:00:00,7.831,1
2024-12-05 18:00:00,7.94,1
2024-12-05 21:00:00,7.955,1
2024-12-05 23:00:00,7.782,2
2024-12-06 00:00:00,8.0,1
2024-12-06 06:00:00,7.708,1
2024-12-06 07:00:00,7.704,1
2024-12-06 10:00:00,7.836,2
2024-12-06 16:00:00,7.999,2
2024-12-06 18:00:00,7.618,1
2024-12-06 19:00:00,8.038,1
2024-12-06 20:00:00,7.614,1
2024-12-06 23:00:00,8.092,2
2024-12-07 12:00:00,8.154,4
2024-12-07 15:00:00,7.59,1
2024-12-07 17:00:00,8.11,1
2024-12-07 18:00:00,8.142,1
2024-12-07 19:00:00,8.142,2
2024-12-07 20:00:00,8.184,2
2024-12-07 21:00:00,8.256,1
2024-12-07 22:00:00,8.21,1
2024-12-07 23:00:00,8.241,1
2024-12-08 02:00:00,8.247,1
2024-12-08 03:00:00,8.31,1
2024-12-08 05:00:00,7.96,1
2024-12-08 07:00:00,8.445,1
2024-12-08 08:00:00,8.453,1
2024-12-08 09:00:00,8.442,1
2024-12-08 12:00:00,8.574,4
2024-12-08 18:00:00,8.527,3
2024-12-08 21:00:00,8.516,1
2024-12-08 22:00:00,8.515,1
2024-12-09 04:00:00,7.97,1
2024-12-09 06:00:00,7.82,2
2024-12-09 11:00:00,8.51,1
2024-12-09 13:00:00,8.504,1
2024-12-09 14:00:00,8.527,1
2024-12-09 17:00:00,7.59,1
2024-12-09 18:00:00,8.507,1
2024-12-09 20:00:00,8.54,1
2024-12-09 21:00:00,7.59,1
2024-12-09 22:00:00,7.59,1
2024-12-10 06:00:00,8.43,1
2024-12-10 08:00:00,8.448,1
2024-12-10 09:00:00,8.57,1
2024-12-10 12:00:00,8.662,1
2024-12-10 14:00:00,7.4,1
2024-12-10 16:00:00,7.807,2
2024-12-10 17:00:00,8.704,2
2024-12-10 19:00:00,7.29,1
2024-12-10 21:00:00,8.711,1
2024-12-11 12:00:00,7.98,1
2024-12-11 13:00:00,7.689,2
2024-12-11 15:00:00,8.483,3
2024-12-11 16:00:00,8.682,1
2024-12-11 17:00:00,8.682,1
2024-12-11 19:00:00,7.3,1
2024-12-11 20:00:00,7.988,2
2024-12-11 21:00:00,8.77,1
2024-12-11 23:00:00,8.496,1
2024-12-12 00:00:00,8.691,2
2024-12-12 03:00:00,7.24,1
2024-12-12 09:00:00,8.441,1
2024-12-12 10:00:00,8.253,1
2024-12-12 14:00:00,8.17,2
2024-12-12 15:00:00,7.38,1
2024-12-12 16:00:00,8.417,1
2024-12-12 17:00:00,7.33,3
2024-12-12 18:00:00,8.259,1
2024-12-12 20:00:00,8.44,3
